10466 20100102 10
10644 20090323 10
10646 20090410 10
10806 20100421 10
10809 20100607 10
10818 20100626 10
10821 20100625 10
10822 20100622 10
10843 20100816 10
10880 20110407 10
10599 20090124 11
10637 20090307 11
10662 20090507 11
10701 20090804 11
10772 20091224 11
10787 20100519 11
10790 20100409 11
10800 20100424 11
10807 20100412 11
10871 20110103 11
10638 20100809 12
10671 20090606 12
10747 20090901 12
10749 20110616 12
10760 20091031 12
10767 20110523 12
10813 20100422 12
10814 20100524 12
10636 20090307 13
10665 20090417 13
10774 20100102 13
10780 20110823 13
10811 20111116 13
10812 20100508 13
10824 20111108 13
10850 20101115 13
10888 20110608 13
10153 20100604 14
10626 20100916 14
10627 20090214 14
10652 20101016 14
10653 20090401 14
10674 20090519 14
10677 20090606 14
10700 20090826 14
10773 20110709 14
10847 20101016 14
10873 20110209 14
10181 20090604 15
10406 20090216 15
10633 20090228 15
10680 20090619 15
10699 20090810 15
10703 20090710 15
10804 20111203 15
10840 20100821 15
10842 20100823 15
10869 20110120 15
10877 20110212 15
10887 20110531 15
10300 20111201 16
10678 20090606 16
10757 20091028 16
10797 20111128 16
10808 20100501 16
10817 20100515 16
10820 20121025 16
10839 20100821 16
10849 20101115 16
10874 20110119 16
10879 20110331 16
10881 20110520 16
10152 20100514 17
10173 20100313 17
10673 20090519 17
10709 20090723 17
10710 20090720 17
10758 20091031 17
10567 20090114 18
10572 20090303 18
10585 20100415 18
10604 20100313 18
10616 20120130 18
10625 20090226 18
10629 20090203 18
10635 20090210 18
10689 20090611 18
10697 20110217 18
10707 20090713 18
10708 20090723 18
10765 20091116 18
10766 20091201 18
10768 20091202 18
10782 20100323 18
10786 20100319 18
10802 20100326 18
10803 20100414 18
10805 20100412 18
10841 20100820 18
10852 20101213 18
10870 20110107 18
10872 20110113 18
10875 20110402 18
10565 20100624 19
10568 20100619 19
10589 20100525 19
10608 20100615 19
10667 20110415 19
10761 20110519 19
10851 20120921 19
10762 20110907 20
