10152	20100514	771	786	0.25
10152	20111123	564	627	1.05
10153	20100604	868	884	0.266666666666667
10153	20111128	564	616	0.866666666666667
10156	20100313	869	885	0.266666666666667
10156	20110923	564	629	1.08333333333333
10173	20100313	869	869	0
10173	20110820	564	628	1.06666666666667
10181	20090604	870	888	0.3
10181	20101124	870	888	0.3
10181	20130129	564	627	1.05
10300	20081112	871	891	0.333333333333333
10300	20100702	871	894	0.383333333333333
10300	20111201	564	629	1.08333333333333
10385	20081111	872	893	0.35
10406	20090216	872	894	0.366666666666667
10406	20100828	873	894	0.35
10406	20120524	564	629	1.08333333333333
10466	20100102	873	893	0.333333333333333
10466	20110910	564	620	0.933333333333333
10466	20130923	564	625	1.01666666666667
10565	20100624	874	896	0.366666666666667
10565	20120107	565	631	1.1
10567	20090114	874	896	0.366666666666667
10567	20100810	875	896	0.35
10567	20130503	565	565	0
10568	20090112	875	897	0.366666666666667
10568	20100619	875	897	0.366666666666667
10568	20120110	565	629	1.06666666666667
10572	20090303	909	928	0.316666666666667
10572	20110112	909	929	0.333333333333333
10572	20120514	565	618	0.883333333333333
10585	20100415	909	928	0.316666666666667
10585	20120822	565	630	1.08333333333333
10589	20100525	909	927	0.3
10589	20111121	565	630	1.08333333333333
10599	20090124	909	929	0.333333333333333
10599	20100726	909	926	0.283333333333333
10599	20131022	565	630	1.08333333333333
10604	20100313	909	928	0.316666666666667
10604	20120121	565	632	1.11666666666667
10608	20100615	909	927	0.3
10608	20111122	565	628	1.05
10616	20081122	909	927	0.3
10616	20100624	942	956	0.233333333333333
10616	20120130	565	627	1.03333333333333
10623	20090113	942	957	0.25
10623	20120111	565	630	1.08333333333333
10625	20090226	942	965	0.383333333333333
10626	20090214	946	961	0.25
10626	20100916	946	960	0.233333333333333
10626	20121008	565	630	1.08333333333333
10627	20090214	948	962	0.233333333333333
10627	20101123	951	966	0.25
10627	20111123	618	646	0.466666666666667
10627	20121219	620	642	0.366666666666667
10628	20090214	953	968	0.25
10629	20090203	956	970	0.233333333333333
10629	20100901	958	973	0.25
10629	20100929	961	976	0.25
10633	20090228	963	978	0.25
10635	20090210	966	982	0.266666666666667
10636	20090307	968	983	0.25
10636	20100828	970	984	0.233333333333333
10637	20090307	973	986	0.216666666666667
10637	20100828	975	989	0.233333333333333
10637	20121112	622	683	1.01666666666667
10638	20100809	978	993	0.25
10638	20120216	626	657	0.516666666666667
10644	20090323	981	995	0.233333333333333
10644	20101111	983	997	0.233333333333333
10644	20120516	628	664	0.6
10646	20090410	986	1000	0.233333333333333
10648	20100603	989	1003	0.233333333333333
10652	20090410	991	1006	0.25
10652	20101016	994	1009	0.25
10653	20090401	996	1011	0.25
10653	20101001	999	1013	0.233333333333333
10653	20121205	628	668	0.666666666666667
10654	20090408	1001	1018	0.283333333333333
10654	20100920	1004	1017	0.216666666666667
10655	20090408	1007	1021	0.233333333333333
10661	20090507	1009	1023	0.233333333333333
10661	20110325	628	686	0.966666666666667
10661	20120406	628	676	0.8
10662	20090507	1012	1034	0.366666666666667
10662	20101123	1015	1028	0.216666666666667
10662	20120406	629	677	0.8
10664	20090417	1017	1030	0.216666666666667
10665	20090417	1020	1036	0.266666666666667
10665	20101215	1023	1041	0.3
10665	20120611	629	691	1.03333333333333
10666	20090722	1025	1039	0.233333333333333
10666	20110425	629	680	0.85
10667	20090722	1028	1043	0.25
10667	20110415	630	682	0.866666666666667
10667	20120907	630	682	0.866666666666667
10671	20090606	1030	1045	0.25
10671	20110205	1033	1049	0.266666666666667
10672	20090606	1036	1049	0.216666666666667
10672	20131025	630	677	0.783333333333333
10673	20090519	1038	1054	0.266666666666667
10673	20110221	1041	1056	0.25
10673	20120821	630	683	0.883333333333333
10674	20090519	1044	1059	0.25
10675	20090519	1046	1061	0.25
10676	20090521	1049	1064	0.25
10677	20090606	1052	1066	0.233333333333333
10677	20110604	631	681	0.833333333333333
10677	20120803	631	683	0.866666666666667
10678	20090606	1054	1078	0.4
10678	20101218	1057	1072	0.25
10678	20121219	631	682	0.85
10680	20090619	1060	1074	0.233333333333333
10680	20101222	1062	1077	0.25
10680	20120615	631	681	0.833333333333333
10689	20090611	1065	1080	0.25
10689	20110310	1068	1083	0.25
10689	20120919	632	683	0.85
10697	20090620	1070	1084	0.233333333333333
10697	20110217	1073	1087	0.233333333333333
10697	20120803	642	687	0.75
10699	20090810	1076	1092	0.266666666666667
10699	20110226	1078	1093	0.25
10699	20120915	649	689	0.666666666666667
10700	20090826	1081	1095	0.233333333333333
10700	20110317	659	691	0.533333333333333
10700	20120831	667	694	0.45
10701	20090804	1084	1097	0.216666666666667
10701	20110323	669	695	0.433333333333333
10701	20120906	677	697	0.333333333333333
10703	20090710	1086	1101	0.25
10703	20110118	1089	1103	0.233333333333333
10703	20120726	678	700	0.366666666666667
10707	20090713	1092	1109	0.283333333333333
10708	20090723	1094	1109	0.25
10708	20110803	678	714	0.6
10709	20090723	1097	1112	0.25
10709	20110803	681	711	0.5
10710	20090720	1100	1114	0.233333333333333
10711	20110126	1102	1117	0.25
10711	20121108	682	714	0.533333333333333
10712	20090720	1105	1120	0.25
10713	20090725	1108	1122	0.233333333333333
10713	20110212	1110	1125	0.25
10717	20110226	1113	1127	0.233333333333333
10717	20120915	682	730	0.8
10745	20090909	1116	1133	0.283333333333333
10747	20090901	1118	1133	0.25
10747	20110514	682	732	0.833333333333333
10749	20090901	1121	1136	0.25
10749	20110616	682	731	0.816666666666667
10749	20130910	683	739	0.933333333333333
10757	20091028	1123	1138	0.25
10757	20091124	1126	1141	0.25
10757	20110601	683	735	0.866666666666667
10757	20121218	683	733	0.833333333333333
10758	20091031	1129	1145	0.266666666666667
10758	20110614	683	733	0.833333333333333
10758	20121009	684	732	0.8
10760	20091031	1142	1155	0.216666666666667
10760	20110513	690	742	0.866666666666667
10760	20121030	691	743	0.866666666666667
10761	20091120	1145	1158	0.216666666666667
10761	20110519	691	742	0.85
10761	20121001	695	748	0.883333333333333
10762	20091130	1147	1163	0.266666666666667
10762	20110907	695	748	0.883333333333333
10765	20091116	1150	1164	0.233333333333333
10765	20110912	698	749	0.85
10765	20121024	701	749	0.8
10766	20091201	1153	1167	0.233333333333333
10766	20110915	713	752	0.65
10766	20130130	715	751	0.6
10767	20110523	716	752	0.6
10768	20091202	878	923	0.75
10768	20121212	731	760	0.483333333333333
10772	20091224	878	910	0.533333333333333
10772	20120503	732	768	0.6
10773	20100102	878	938	1
10773	20110709	733	768	0.583333333333333
10773	20130228	733	762	0.483333333333333
10774	20100102	878	919	0.683333333333333
10774	20110709	734	760	0.433333333333333
10774	20130228	734	769	0.583333333333333
10775	20091217	878	940	1.03333333333333
10777	20100125	878	940	1.03333333333333
10778	20100326	878	940	1.03333333333333
10780	20100331	879	939	1
10780	20110823	736	768	0.533333333333333
10780	20130625	741	773	0.533333333333333
10782	20100323	879	944	1.08333333333333
10783	20100330	879	938	0.983333333333333
10784	20100331	880	942	1.03333333333333
10786	20100319	879	953	1.23333333333333
10786	20111201	741	787	0.766666666666667
10787	20100519	880	943	1.05
10788	20100326	880	945	1.08333333333333
10788	20111217	742	781	0.65
10790	20100409	880	943	1.05
10790	20131014	743	781	0.633333333333333
10796	20100520	880	953	1.21666666666667
10796	20120220	743	780	0.616666666666667
10796	20130325	744	780	0.6
10797	20100405	880	944	1.06666666666667
10797	20111128	748	789	0.683333333333333
10797	20130524	748	788	0.666666666666667
10798	20100518	880	943	1.05
10798	20131007	749	789	0.666666666666667
10800	20100424	880	947	1.11666666666667
10801	20100426	880	941	1.01666666666667
10802	20100326	913	955	0.7
10802	20130528	749	789	0.666666666666667
10803	20100414	922	955	0.55
10804	20100525	926	961	0.583333333333333
10804	20111203	752	789	0.616666666666667
10805	20100412	939	964	0.416666666666667
10805	20111103	753	790	0.616666666666667
10805	20130508	753	792	0.65
10806	20100421	939	971	0.533333333333333
10806	20111230	761	792	0.516666666666667
10807	20100412	939	971	0.533333333333333
10808	20100501	940	968	0.466666666666667
10808	20130709	761	793	0.533333333333333
10809	20100607	941	974	0.55
10809	20120405	763	793	0.5
10809	20131111	769	828	0.983333333333333
10811	20100410	941	983	0.7
10811	20111116	769	802	0.55
10812	20100508	942	1001	0.983333333333333
10812	20111206	769	801	0.533333333333333
10813	20100422	942	993	0.85
10813	20120106	770	803	0.55
10814	20100524	943	991	0.8
10814	20130731	774	774	0
10817	20100515	943	996	0.883333333333333
10817	20111220	776	804	0.466666666666667
10818	20100626	944	995	0.85
10818	20120714	780	810	0.5
10820	20100622	944	1001	0.95
10820	20121025	781	804	0.383333333333333
10821	20100625	945	999	0.9
10821	20120321	782	810	0.466666666666667
10822	20100622	945	997	0.866666666666667
10822	20120229	782	808	0.433333333333333
10822	20130812	788	827	0.65
10824	20100723	947	1001	0.9
10824	20111108	789	820	0.516666666666667
10824	20131002	789	818	0.483333333333333
10826	20100726	953	1002	0.816666666666667
10826	20120911	790	824	0.566666666666667
10827	20100726	953	1011	0.966666666666667
10839	20100821	955	1003	0.8
10839	20120213	790	831	0.683333333333333
10839	20130916	790	820	0.5
10840	20100821	956	1003	0.783333333333333
10840	20120207	791	827	0.6
10841	20100820	963	1016	0.883333333333333
10841	20120618	793	840	0.783333333333333
10842	20100823	965	1008	0.716666666666667
10843	20100816	969	1010	0.683333333333333
10843	20120406	793	827	0.566666666666667
10845	20100924	833	847	0.233333333333333
10845	20120809	794	830	0.6
10847	20101016	972	1010	0.633333333333333
10847	20120616	794	830	0.6
10847	20131005	801	834	0.55
10849	20101115	973	1010	0.616666666666667
10849	20120813	803	836	0.55
10850	20101115	976	1010	0.566666666666667
10851	20101207	984	1014	0.5
10851	20120921	804	837	0.55
10851	20131113	805	837	0.533333333333333
10852	20120924	805	841	0.6
10869	20110120	994	1014	0.333333333333333
10869	20121005	809	838	0.483333333333333
10870	20110107	859	874	0.25
10871	20110103	1131	1147	0.266666666666667
10871	20121117	686	741	0.916666666666667
10872	20110113	1136	1152	0.266666666666667
10872	20120927	688	743	0.916666666666667
10873	20110209	1134	1148	0.233333333333333
10873	20120807	688	688	0
10874	20110119	1139	1153	0.233333333333333
10875	20110402	994	1015	0.35
10877	20110212	996	1017	0.35
10879	20110331	997	1024	0.45
10879	20121110	811	849	0.633333333333333
10880	20110407	998	1016	0.3
10881	20110520	999	1018	0.316666666666667
10881	20121210	811	843	0.533333333333333
10887	20110531	1001	1023	0.366666666666667
10887	20121107	819	874	0.916666666666667
10888	20110608	1001	1019	0.3
10959	20130815	837	873	0.6
11055	20121102	821	849	0.466666666666667
11056	20121023	844	878	0.566666666666667
11058	20121109	878	910	0.533333333333333
11059	20121022	841	877	0.6
11062	20121102	849	883	0.566666666666667
11065	20121107	849	898	0.816666666666667
11066	20121109	825	849	0.4
11070	20121116	878	911	0.55
11074	20121130	850	884	0.566666666666667
11075	20130416	898	918	0.333333333333333
11078	20121114	850	885	0.583333333333333
11082	20121130	827	854	0.45
11084	20121213	828	854	0.433333333333333
11087	20121204	879	912	0.55
11094	20121221	854	891	0.616666666666667
11106	20130109	884	913	0.483333333333333
11113	20130117	828	854	0.433333333333333
11114	20130124	855	897	0.7
11123	20130211	885	913	0.466666666666667
11129	20130320	892	916	0.4
11130	20130218	828	855	0.45
11133	20130222	855	898	0.716666666666667
11137	20130329	896	919	0.383333333333333
11140	20130415	857	898	0.683333333333333
11141	20130308	887	914	0.45
11145	20130313	830	856	0.433333333333333
11148	20130328	856	895	0.65
11149	20130403	831	878	0.783333333333333
11152	20130501	898	918	0.333333333333333
11156	20130426	832	863	0.516666666666667
11157	20130501	864	906	0.7
11160	20130521	867	901	0.566666666666667
11162	20130521	835	866	0.516666666666667
11168	20130613	898	922	0.4
11176	20130703	899	920	0.35
11178	20131111	841	898	0.95
11185	20130627	836	867	0.516666666666667
11187	20130802	868	902	0.566666666666667
11191	20130710	837	875	0.633333333333333
11197	20130909	874	909	0.583333333333333
11198	20130812	899	919	0.333333333333333
11212	20130913	902	921	0.316666666666667
11215	20131030	838	876	0.633333333333333
11218	20131015	875	907	0.533333333333333
11219	20131115	821	849	0.466666666666667
11221	20131031	876	909	0.55
11224	20131107	903	922	0.316666666666667
11226	20131114	876	909	0.55
